2
-30
-26
-16
-14
-15
-5
19
6
21
-20
24
-21
15
22
18
-23
-23
-14
-6
20
26
12
-16
19
10
6
5
-4
31
-8
-11
-30
9
1
21
27
3
31
-24
18
-5
-28
8
24
10
-26
-11
14
-26
28
20
-19
-10
21
-11
-11
-11
-12
-18
14
7
-31
-24
1
17
-11
-21
14
-19
-17
-14
-15
1
-3
-26
23
-18
0
-15
-26
-11
-25
-31
-27
-19
-24
-16
26
28
25
-2
31
-22
-31
-5
-4
2
-15
24
29
1
-23
-21
28
-12
11
2
17
-7
6
-18
26
-14
18
-15
-7
-5
-8
7
11
-25
-2
-31
-3
-9
-5
14
-5
-30
-30
14
9
13
1
-20
16
15
-13
-11
29
15
-20
15
23
-10
-29
-21
26
30
15
-2
1
-14
-23
-11
0
24
15
-6
9
3
5
31
4
-21
-25
19
8
6
-11
-9
-10
-7
-16
-7
15
-26
-1
25
2
26
20
-4
19
26
-14
-15
-8
16
8
-16
8
31
23
-9
-12
25
-29
-12
-26
-11
-22
14
13
-13
27
17
25
15
-23
1
-24
-29
7
17
22
23
9
14
20
15
-8
4
25
7
28
15
24
22
14
9
10
7
-9
-20
8
-4
25
-29
14
-8
8
-9
12
30
-17
-20
-25
23
29
8
28
7
30
29
26
-1
7
-21
-28
19
31
30
20
22
7
-7
7
0
19
11
-8
-25
-6
3
11
-18
30
-25
-11
-8
17
0
-24
29
27
-15
17
-6
3
-17
21
-7
31
15
31
27
-1
19
3
26
17
-27
-17
16
-23
-20
-25
-7
-30
7
12
20
-9
24
30
-31
-2
-5
20
31
29
4
24
31
-7
-27
9
27
-17
24
-7
-17
5
-17
-13
25
15
28
31
7
-31
-31
-31
19
0
6
-23
27
-22
7
-16
6
12
-17
23
-27
0
31
-17
-4
14
-16
-10
23
-31
3
30
-25
29
-13
-16
12
-10
-19
-8
-17
-26
29
11
-11
-10
-31
6
23
31
-15
9
-12
1
-30
-7
-19
-19
-28
10
0
-31
-21
-15
0
-17
29
-9
-28
-1
29
1
-15
-4
-17
-13
-26
30
31
28
-7
2
20
-7
20
-16
5
24
12
-20
16
-10
2
20
25
30
-21
17
17
-1
8
-27
-12
-10
31
0
13
26
-16
27
-31
8
-16
-15
-19
10
3
-15
27
3
-5
-18
18
13
-29
29
3
6
7
-19
12
3
-20
-23
2
-29
-7
-18
-23
9
0
-30
25
-4
26
12
-13
26
-7
-22
10
28
5
0
22
11
18
12
-8
14
25
24
20
15
-22
6
12
-16
-28
-22
26
10
-26
-19
31
-14
20
11
22
-7
-15
-27
-19
26
17
11
7
18
-18
-30
30
-2
7
-9
26
13
27
20
0
25
-12
-29
-10
-10
19
-18
4
-25
31
-18
-25
14
8
30
29
-14
-30
26
19
16
-2
-27
0
14
3
-16
-8
2
2
9
-26
20
14
-22
28
30
-16
7
27
-4
25
-4
-4
-28
-2
5
-11
24
-30
-23
1
-28
-31
-20
-27
-13
22
-14
30
29
11
28
22
24
-16
-12
-8
28
11
30
13
31
20
-17
-13
28
-13
29
-15
-2
31
-23
-20
-21
25
15
5
18
-23
12
13
-27
15
22
6
-5
31
16
1
16
-2
31
-16
-12
7
24
6
-8
-26
24
-24
10
-18
-12
-24
-6
-2
-10
-28
13
10
4
7
22
-26
17
17
16
13
9
18
-24
2
10
-1
4
-7
-21
5
-5
16
24
-1
-25
5
27
14
-20
28
30
15
-27
1
31
-26
23
-13
24
-11
21
27
-28
-21
26
-2
13
-7
-3
31
-24
7
0
3
6
27
16
-10
16
-17
6
12
1
6
0
-21
7
19
-17
-24
-21
13
-28
31
-25
-26
-25
-28
4
-14
31
-25
15
-9
-13
13
31
27
-5
-3
-19
27
-17
21
-9
-12
-7
23
22
-29
-3
11
10
29
20
27
14
7
14
-31
28
-31
16
-12
-30
-8
12
16
11
27
20
9
16
31
-2
-13
18
17
18
17
0
1
-28
16
17
-30
30
-2
31
7
-31
-30
12
-29
-16
5
17
14
-8
13
-13
31
-24
-22
-15
-22
23
-9
-25
10
24
23
-10
26
16
11
1
-15
15
10
-11
21
30
27
7
28
5
-2
20
11
1
-9
31
-16
-22
-21
24
-12
24
-14
6
18
-14
30
-5
-19
30
23
25
24
14
-31
25
-8
-10
10
5
-8
6
1
-18
-6
-27
-20
-24
-9
-18
-19
0
-30
12
-3
-10
19
2
-3
3
8
4
-8
29
-28
-2
30
-11
-14
-20
6
-20
-28
5
24
-15
-9
-21
-15
-19
15
14
3
-17
-10
6
-9
-18
-22
-28
29
-12
4
10
19
-11
16
-22
-23
-20
21
30
8
-5
-28
-6
3
-11
-8
11
20
11
-1
-21
2
-7
-6
31
-1
11
-2
31
19
16
-24
11
7
-24
-3
-26
-31
1
13
31
10
24
-31
20
5
-4
-24
29
-12
-15
9
-13
7
9
19
19
24
-31
-8
-6
-1
-30
-28
1
3
-15
-6
-8
31
-31
18
-20
16
21
-12
-19
27
21
-15
4
3
23
8
15
0
10
30
-1
28
-3
-23
-16
-20
-14
-25
10
-2
-20
-10
7
30
2
1
3
12
-17
-29
-6
-4
-16
-24
31
-23
-4
30
-13
20
-1
0
23
22
2
3
-15
-30
-29
-16
5
-12
-31
3
5
29
-30
25
-28
-17
17
21
-22
17
-22
17
18
7
28
10
-7
-14
9
-24
14
22
-1
-5
23
-21
-13
-11
16
10
16
20
-15
-6
11
11
-17
-26
-15
21
14
19
5
-1
-9
28
17
12
-29
2
-25
-12
9
22
-7
-26
-30
14
0
2
26
6
6
-17
-31
17
10
9
-31
31
8
-20
15
-3
-16
-13
6
-5
31
15
-12
14
13
3
20
-23
22
20
-25
20
25
31
-24
0
-16
26
20
-22
21
12
1
-23
-8
-20
-9
27
-4
-5
-11
-19
27
22
-2
-19
18
-22
20
-6
-26
26
31
-31
-30
29
9
-29
1
-20
-16
7
23
-14
-10
-15
8
13
-20
-16
-18
11
-30
1
0
11
24
22
-27
21
-23
-28
13
2
28
-28
6
15
31
13
1
-10
-3
-18
8
-12
31
-22
-10
-6
23
-29
31
-21
-26
12
-11
-26
4
15
9
15
-27
8
9
-22
-28
-14
12
29
-13
-14
8
-5
-14
-31
27
-12
25
6
27
-22
9
-9
3
22
1
-10
25
-8
-12
-22
28
-14
31
25
-2
0
4
-21
25
26
27
4
-27
22
23
0
10
18
23
-10
30
25
-22
-5
-7
16
-6
12
-26
13
-14
12
0
25
31
-19
14
0
3
8
-7
-7
-22
-10
-22
6
-24
28
-19
6
-6
-8
2
16
15
-30
-3
20
-16
20
-22
-13
12
-23
29
-16
14
-3
1
21
-19
-10
-30
12
23
10
-30
-4
23
-12
-7
23
-11
-28
-21
-17
-4
4
-16
18
-12
7
0
22
15
4
-4
16
-11
8
-13
24
19
-8
-8
18
-13
-20
3
-8
-14
-3
-25
-5
15
-30
12
3
11
-10
23
28
27
-25
4
23
18
-2
10
29
4
-31
9
-16
2
-3
18
25
8
12
-2
-28
-14
-14
-28
5
-14
14
31
15
11
29
13
12
16
-15
8
-8
-14
-10
26
-13
21
28
-16
-6
25
-24
23
23
11
26
6
9
-12
31
-18
27
-11
-7
15
-17
-5
-26
25
23
21
29
12
-25
-14
-11
-19
27
12
-30
-1
1
-31
-4
-12
-10
6
-20
-29
6
-2
-2
-21
-24
-29
3
-20
-27
9
-26
-11
-10
-12
-26
7
-30
-28
26
18
-11
31
6
-9
1
-29
10
-31
10
-11
14
-19
14
20
8
21
23
-17
7
1
8
25
-20
-6
-15
23
28
27
0
-15
-18
-8
14
-28
-10
-5
21
2
-14
-17
11
-19
19
-15
-9
-3
1
-11
-23
-2
19
31
-4
11
-3
-25
6
-7
-27
-26
21
-17
18
4
6
-28
15
2
-5
-9
-7
5
15
-28
-10
-24
22
-11
-18
-8
-1
-29
6
1
-6
2
-3
10
-4
2
-14
16
-19
7
1
-29
-4
-5
23
7
17
28
16
-4
2
24
23
31
-21
-1
-27
-21
-31
-8
-22
31
8
13
-2
-10
31
23
0
-1
-16
-21
21
-27
8
-2
-28
26
-28
-25
26
20
-23
15
12
21
15
5
24
5
26
25
5
0
3
28
-6
-15
8
9
-21
6
4
7
-15
-30
26
4
18
-13
-21
21
-5
-16
-19
4
20
2
20
-1
25
30
8
-2
-26
2
4
0
24
16
-2
-3
-24
-12
-10
-25
-4
3
-31
11
4
4
-26
18
-13
-1
11
22
-18
15
9
31
16
-18
12
18
27
20
-31
16
-9
-1
1
20
2
-4
3
20
-23
28
-13
16
10
19
-20
26
16
26
5
0
31
30
27
-26
30
-11
28
2
11
5
-2
-8
30
11
20
29
-14
19
-25
17
-26
-8
15
31
-12
19
17
-22
-18
-24
-25
9
26
7
-8
25
-4
-26
-16
23
28
-24
17
31
4
-9
-4
-13
21
-13
-3
3
-2
-17
-15
-4
24
2
-17
-20
10
0
-11
-1
-24
28
-16
30
-15
-18
6
17
12
-29
-24
5
-2
31
28
31
-4
-11
10
30
-16
-24
-31
29
-17
-14
-1
-6
30
-2
20
9
14
22
-25
6
-7
-2
11
23
-17
20
-3
7
11
4
28
27
-29
31
-5
22
-12
14
2
-9
-11
-16
-26
-14
-28
25
29
3
-4
-8
16
-27
-22
-16
-2
-8
-2
-29
-27
31
4
-7
-31
10
-23
6
-4
-15
0
-3
21
2
23
-22
10
-12
-26
4
-9
-14
-31
-6
8
28
9
30
17
16
25
14
-14
-26
4
-12
-19
-4
3
-26
-9
-15
31
-14
-4
14
16
-31
6
-4
9
9
-4
-11
7
13
21
-15
5
7
-4
14
26
-24
-7
19
24
-5
6
-3
29
-29
-19
14
26
22
-3
30
15
-9
-20
5
-18
14
29
-13
13
-23
-30
14
12
24
-9
25
7
24
-4
23
-25
-22
-4
22
1
13
30
12
28
-16
-4
8
2
3
-19
11
30
26
-16
17
14
-24
31
5
0
26
-12
-2
14
-11
-29
-6
31
-26
-28
-29
-2
22
-15
-23
-5
5
-16
-26
-12
31
0
-28
-18
-15
-27
-23
25
15
-1
-19
-29
-23
5
-12
16
-10
10
31
-3
-23
-18
8
-8
4
8
-7
-29
-22
31
18
-6
-5
-15
27
-4
3
14
4
21
16
8
-2
-7
30
-19
-23
-25
-28
9
